1 2048 10 0.515970 0.299971 0.001069
1 2048 10 0.496281 0.300769 0.001109
1 2048 10 0.495474 0.300992 0.001079
1 2048 10 0.505441 0.306185 0.001103
1 2048 10 0.497144 0.301732 0.001128
1 2048 10 0.496012 0.301083 0.001089
1 2048 10 0.498158 0.302339 0.001109
1 2048 10 0.503517 0.300164 0.001106
1 2048 10 0.508041 0.311681 0.001120
1 2048 10 0.496436 0.302428 0.001115
1 2048 10 0.498091 0.300769 0.001095
1 2048 10 0.499484 0.300878 0.001133
1 2048 10 0.499787 0.304810 0.001109
1 2048 10 0.493798 0.301214 0.001089
1 2048 10 0.496778 0.300477 0.001121
1 2048 10 0.496705 0.300254 0.001098
1 2048 10 0.493371 0.300606 0.001134
1 2048 10 0.498483 0.300840 0.001109
1 2048 10 0.496215 0.301120 0.001126
1 2048 10 0.494612 0.302946 0.001136
