16384 4096 10 2.589154 6.253768 0.001621 0.001553 0.058049 62.281360 2.291886 67.224781
16384 4096 10 2.591092 6.253798 0.090990 0.002076 0.057762 62.294443 2.306236 67.354965
16384 4096 10 2.592671 6.245330 0.139266 0.001960 0.057825 62.235907 2.311348 67.361708
16384 4096 10 2.592152 6.250602 0.073441 0.002203 0.057664 62.305510 2.307587 67.355108
16384 4096 10 2.590712 6.259843 0.016332 0.000940 0.058721 62.323897 2.292217 67.284836
16384 4096 10 2.590071 6.247408 0.047450 0.001945 0.057667 62.266344 2.298707 67.272840
16384 4096 10 2.590154 6.245739 0.120538 0.001923 0.057705 62.230422 2.304987 67.320682
16384 4096 10 2.590098 6.248131 0.020749 0.001471 0.058256 62.272073 2.291542 67.238432
16384 4096 10 2.590296 6.241944 0.143545 0.001977 0.057629 62.199944 2.312658 67.331248
16384 4096 10 2.584430 6.241686 0.079923 0.001673 0.057949 62.242145 2.304424 67.287053
