16384 4096 10 2.581999 6.556571 0.000000 0.000000 0.090322 65.331075 2.282605 70.286828
16384 4096 10 2.590603 6.565035 0.000000 0.000000 0.091191 65.440676 2.299424 70.423057
16384 4096 10 2.590497 6.562219 0.000000 0.000000 0.167102 65.435117 2.320170 70.531428
16384 4096 10 2.590358 6.563499 0.000000 0.000000 0.212958 65.405793 2.317518 70.537100
16384 4096 10 2.587599 6.561739 0.000000 0.000000 0.091003 65.404901 2.288227 70.372774
16384 4096 10 2.587503 6.559914 0.000000 0.000000 0.090283 65.407093 2.286355 70.373568
16384 4096 10 2.586688 6.560391 0.000000 0.000000 0.169806 65.401641 2.312683 70.482034
16384 4096 10 2.587888 6.561130 0.000000 0.000000 0.090158 65.413470 2.287998 70.380578
16384 4096 10 2.588492 6.555834 0.000000 0.000000 0.179251 65.397691 2.315320 70.493749
16384 4096 10 2.587810 6.564636 0.000000 0.000000 0.161903 65.405133 2.312554 70.473508
