16384 2048 10 0.687135 3.586136 0.147934 0.004968 0.080960 17.764898 0.649575 19.357210
16384 2048 10 0.696681 3.569487 0.206858 0.004250 0.076091 17.723446 0.697274 19.442999
16384 2048 10 0.683356 3.580795 0.182582 0.004303 0.075442 17.722367 0.646478 19.336200
16384 2048 10 0.694744 3.561368 0.356348 0.004031 0.068139 17.586803 0.671432 19.432119
16384 2048 10 0.683997 3.591671 0.181661 0.004557 0.075767 17.692660 0.632235 19.274386
16384 2048 10 0.704458 3.576924 0.203215 0.004767 0.069543 17.658243 0.644098 19.296994
16384 2048 10 0.686115 3.571098 0.242412 0.003004 0.080065 17.662705 0.650757 19.355471
16384 2048 10 0.692598 3.588990 0.020180 0.004464 0.084678 17.844850 0.632083 19.281585
16384 2048 10 0.688695 3.568990 0.283448 0.005592 0.072850 17.637879 0.667493 19.393565
16384 2048 10 0.688558 3.585261 0.255831 0.002644 0.076660 17.675538 0.646981 19.364029
