16384 512 10 0.170463 3.157009 0.811433 1.700679 0.015106 1.451615 1.210833 5.384020
16384 512 10 0.183159 3.012252 0.807859 0.651021 0.015345 1.673565 1.533912 4.884178
16384 512 10 0.160742 3.174033 0.000960 0.000181 0.016179 1.728176 0.485026 2.417933
16384 512 10 0.163625 3.173456 1.001079 1.409171 0.013689 1.356820 1.451716 5.420552
16384 512 10 0.169393 3.319156 0.677127 1.234182 0.016769 1.657289 0.335941 4.112283
16384 512 10 0.169853 3.025274 0.001544 0.000172 0.016086 1.716943 1.717485 3.641748
16384 512 10 0.169509 3.140095 0.111881 0.351933 0.015286 1.628155 3.186147 5.481602
16384 512 10 0.167997 3.161764 0.000387 0.000192 0.016046 1.730170 0.090408 2.026511
16384 512 10 0.173937 3.079005 0.000918 0.000183 0.016259 1.730232 0.083733 2.024501
16384 512 10 0.176787 3.106827 0.287977 0.650091 0.189280 1.657126 2.447524 5.434201
