16384 256 10 0.950706 3.054724 0.722471 0.849719 0.573521 0.356898 0.609978 4.409484
16384 256 10 1.041141 3.049159 0.338039 0.557909 1.404957 0.372091 0.825287 4.896412
16384 256 10 0.952872 3.156829 0.511657 0.691908 1.936306 0.412062 0.443901 5.360727
16384 256 10 1.131017 3.022468 0.606257 0.761462 1.966469 0.366929 0.373869 5.583320
16384 256 10 1.186423 3.038025 0.556231 1.225408 0.341300 0.393040 1.055339 5.081682
16384 256 10 1.021179 3.377956 0.350391 1.183038 0.496613 0.369740 1.568000 5.151830
16384 256 10 0.982015 3.097936 0.936256 0.770417 0.650305 0.314205 0.609523 4.602165
16384 256 10 1.139960 3.047108 0.657246 0.553370 1.642569 0.359658 0.250710 4.965413
16384 256 10 0.948692 3.137663 0.457243 2.150989 0.296846 0.501541 0.163606 4.864284
16384 256 10 1.041002 3.092180 0.502833 1.757046 0.256647 0.403035 0.603274 4.954471
