16384 2048 10 0.678954 3.784800 0.113282 0.004436 0.075977 18.716843 0.637780 20.229251
16384 2048 10 0.698880 3.841970 0.002748 0.004637 0.084618 19.097931 0.672554 20.563007
16384 2048 10 0.692761 3.795639 0.151734 0.004662 0.076824 18.733195 0.645996 20.309531
16384 2048 10 0.698515 3.804581 0.119203 0.003904 0.081720 18.828250 0.675379 20.417226
16384 2048 10 0.695371 3.797661 0.195380 0.005886 0.084421 18.805495 0.691000 20.506211
16384 2048 10 0.694536 3.739696 0.183059 0.005744 0.076195 18.605730 0.663757 20.270821
16384 2048 10 0.691726 3.798842 0.024819 0.004162 0.084710 18.864800 0.638497 20.312197
16384 2048 10 0.701621 3.788274 0.241239 0.005964 0.076750 18.685190 0.687873 20.420382
16384 2048 10 0.682590 3.771682 0.228250 0.004480 0.073726 18.603236 0.627598 20.236740
16384 2048 10 0.692406 3.769806 0.514930 0.004092 0.074627 18.552837 0.701199 20.611416
