16384 512 10 0.169300 3.013466 0.003938 0.002749 0.039687 1.837334 0.067522 2.138278
16384 512 10 0.173405 3.150262 0.002516 0.002634 0.022773 1.828293 0.055804 2.104433
16384 512 10 0.191326 3.010639 0.003045 0.001425 0.044762 1.839796 0.055690 2.158647
16384 512 10 0.191661 3.011434 0.002258 0.003160 0.037951 1.837446 0.064854 2.157160
16384 512 10 0.168954 3.007079 0.001503 0.003418 0.036933 1.833387 0.064607 2.131780
16384 512 10 0.173067 3.008573 0.005210 0.003598 0.037465 1.832877 0.063719 2.133125
16384 512 10 0.194654 3.012861 0.005111 0.003128 0.038061 1.836442 0.065060 2.163461
16384 512 10 0.166057 3.003246 0.003134 0.002795 0.037937 1.832149 0.063481 2.133690
16384 512 10 0.166645 3.177253 0.003033 0.002802 0.038965 1.829688 0.055278 2.118773
16384 512 10 0.188470 3.009082 0.002138 0.002932 0.038017 1.834719 0.064118 2.149965
