16384 256 10 0.982468 3.001739 0.017131 0.007784 0.055225 0.915102 0.048867 2.227393
16384 256 10 1.120723 3.062207 0.018382 0.007606 0.081267 0.954584 0.023439 2.406078
16384 256 10 0.936477 3.082055 0.016858 0.003422 0.062685 0.925669 0.040626 2.191961
16384 256 10 1.024880 3.051720 0.021080 0.006485 0.074344 0.961442 0.025083 2.321117
16384 256 10 1.046519 3.010254 0.029047 0.005734 0.067499 0.922254 0.020785 2.307360
16384 256 10 0.948187 3.059031 0.024493 0.007107 0.056029 0.931040 0.052120 2.196196
16384 256 10 0.966098 3.028972 0.017882 0.006363 0.076994 0.944052 0.021198 2.213681
16384 256 10 0.921156 3.068025 0.035635 0.008068 0.076049 0.913275 0.046505 2.175958
16384 256 10 0.930773 3.014435 0.021818 0.004593 0.069684 0.920057 0.022037 2.139363
16384 256 10 1.073011 3.020347 0.007034 0.011367 0.059029 0.982659 0.020995 2.359664
