16384 2048 10 0.715482 4.087665 0.000214 0.022172 0.038168 20.261571 0.669795 24.307692
16384 2048 10 0.713802 4.079284 0.000214 0.077681 0.038581 20.229008 0.654135 21.730871
16384 2048 10 0.719114 4.120975 0.000214 0.000137 0.039152 20.381319 0.665488 21.807075
16384 2048 10 0.725969 4.100180 0.000213 0.179261 0.038964 20.226113 0.694688 21.902170
16384 2048 10 0.708711 4.083213 0.000214 0.000139 0.039056 20.302682 0.638876 21.691223
16384 2048 10 0.711189 4.091539 0.000214 0.026279 0.038906 20.312741 0.649098 21.745852
16384 2048 10 0.713328 4.090366 0.000214 0.047887 0.038926 20.284772 0.653474 21.747075
16384 2048 10 0.714648 4.084580 0.000213 0.033154 0.038779 20.285219 0.650828 21.732053
16384 2048 10 0.714170 4.096746 0.000214 0.004568 0.038683 20.311281 0.658854 21.730467
16384 2048 10 0.713275 4.089946 0.000211 0.020380 0.038322 20.289641 0.648499 21.716240
