16384 2048 10 0.686594 3.736480 0.360854 0.004582 0.064599 18.518062 0.724124 20.422505
16384 2048 10 0.692816 3.814839 0.234341 0.004919 0.075348 18.745374 0.644758 20.399277
16384 2048 10 0.681463 3.747876 0.261371 0.004228 0.069180 18.561993 0.641159 20.261037
16384 2048 10 0.724236 3.783607 0.218581 0.002659 0.077449 18.787390 0.754434 20.607316
16384 2048 10 0.692680 3.758296 0.361187 0.004821 0.066901 18.493010 0.650692 20.302399
16384 2048 10 0.693816 3.811206 0.188517 0.005447 0.080969 18.793393 0.653776 20.426473
16384 2048 10 0.682457 3.781820 0.032465 0.002915 0.083728 18.780778 0.627544 20.213147
16384 2048 10 0.706752 3.751249 0.374057 0.004969 0.069186 18.525200 0.746610 20.480516
16384 2048 10 0.705084 3.742161 0.205047 0.003002 0.078625 18.616773 0.666413 20.321622
16384 2048 10 0.688126 3.771295 0.268394 0.005609 0.069270 18.598906 0.639800 20.291497
