16384 4096 10 2.595094 6.558355 0.014460 0.001722 0.084881 65.521267 2.290925 70.512445
16384 4096 10 2.594676 6.535030 0.321431 0.003137 0.078548 65.295949 2.318232 70.650594
16384 4096 10 2.591613 6.550384 0.226528 0.003388 0.079784 65.409481 2.308560 70.644854
16384 4096 10 2.592319 6.562407 0.048113 0.003569 0.082611 65.522869 2.293495 70.550730
16384 4096 10 2.589590 6.557213 0.032065 0.002460 0.086925 65.628356 2.299546 70.655243
16384 4096 10 2.589335 6.549554 0.230902 0.004536 0.079497 65.358848 2.308060 70.596905
16384 4096 10 2.589411 6.556427 0.039765 0.002894 0.081682 65.488586 2.293278 70.505322
16384 4096 10 2.588340 6.556462 0.093905 0.003921 0.082051 65.489844 2.299821 70.575257
16384 4096 10 2.589864 6.555620 0.046221 0.002917 0.080630 65.475477 2.291102 70.495539
16384 4096 10 2.583426 6.550464 0.024801 0.000943 0.085648 65.453370 2.276309 70.425631
