16384 256 10 1.052712 3.003199 0.020821 0.007236 0.073501 0.971321 0.027095 2.333988
16384 256 10 1.008110 3.044752 0.017351 0.006613 0.077633 0.911070 0.021934 2.262109
16384 256 10 1.155099 3.107238 0.011726 0.003980 0.062661 0.940173 0.022550 2.382438
16384 256 10 1.103915 3.075605 0.007125 0.005677 0.066118 0.924625 0.053030 2.329695
16384 256 10 1.081710 3.061164 0.009849 0.007668 0.065685 0.978880 0.021348 2.311960
16384 256 10 1.037397 3.071342 0.030941 0.008115 0.075784 0.901694 0.049120 2.267611
16384 256 10 1.056709 3.065766 0.027783 0.004084 0.068265 0.909292 0.042659 2.293955
16384 256 10 0.955917 3.026802 0.014014 0.004513 0.069087 0.931632 0.044049 2.196997
16384 256 10 1.010103 3.047346 0.012830 0.005355 0.062835 0.924055 0.034613 2.232477
16384 256 10 1.023792 3.054953 0.016143 0.007239 0.069970 0.915531 0.047509 2.237031
