16384 2048 10 0.702122 4.084781 0.000000 0.000000 0.066460 20.258441 0.664732 21.693142
16384 2048 10 0.710893 4.107373 0.000000 0.000000 0.112969 20.318166 3.713443 24.874932
16384 2048 10 0.704598 4.085031 0.000000 0.000000 0.079822 20.300888 0.658041 21.750038
16384 2048 10 0.705819 4.094575 0.000000 0.000000 0.065475 20.302474 0.666517 21.741666
16384 2048 10 0.708731 4.095853 0.000000 0.000000 12.659963 19.252175 2.923732 35.554647
16384 2048 10 0.705249 4.089527 0.000000 0.000000 0.066673 20.292598 0.649042 21.716423
16384 2048 10 0.704108 4.088173 0.000000 0.000000 0.066906 20.269173 0.660850 21.702389
16384 2048 10 0.706323 4.091852 0.000000 0.000000 0.065796 20.299981 0.675801 21.753333
16384 2048 10 0.713128 4.121750 0.000000 0.000000 0.065348 20.389323 0.679272 21.848369
16384 2048 10 0.704063 4.071027 0.000000 0.000000 0.105770 20.198260 0.690992 21.714752
