16384 4096 10 2.591128 6.555007 0.153793 0.003262 0.078742 65.394898 2.288917 70.523327
16384 4096 10 2.589991 6.572223 0.023006 0.003279 0.083131 65.618710 2.291769 70.610813
16384 4096 10 2.592073 6.561782 0.014302 0.001625 0.087236 65.511856 2.284772 70.496096
16384 4096 10 2.592026 6.558964 0.058328 0.003729 0.083052 65.524069 2.299962 70.575315
16384 4096 10 2.591881 6.557871 0.114068 0.002663 0.079871 65.514979 2.302551 70.623970
16384 4096 10 2.590892 6.552079 0.107595 0.003922 0.079636 65.482080 2.301664 70.585329
16384 4096 10 2.589308 6.559059 0.093386 0.001791 0.087179 65.496865 2.297177 70.579372
16384 4096 10 2.590256 6.562969 0.120516 0.003667 0.081728 65.496592 2.290197 70.588184
16384 4096 10 2.590555 6.558395 0.092841 0.003004 0.085762 65.486268 2.298243 70.572007
16384 4096 10 2.589620 6.554758 0.075129 0.003101 0.083387 65.500766 2.301934 70.573177
