16384 4096 10 2.582681 6.551630 0.113151 0.002230 0.057417 65.298468 2.297171 70.368116
16384 4096 10 2.592113 6.564982 0.000324 0.009356 0.059464 65.447528 2.282753 70.392753
16384 4096 10 2.592962 6.565902 0.094850 0.001973 0.057828 65.417995 2.300079 70.475239
16384 4096 10 2.591347 6.564335 0.000333 0.001097 0.059773 65.431855 2.279381 70.364810
16384 4096 10 2.590057 6.568847 0.023614 0.000892 0.058836 65.509149 2.300630 70.493577
16384 4096 10 2.589117 6.562194 0.084907 0.001735 0.057801 65.406184 2.296142 70.445019
16384 4096 10 2.596091 6.562878 0.079239 0.001922 0.057680 65.398843 2.301016 70.441724
16384 4096 10 2.587838 6.537862 0.185891 0.001836 0.058124 65.255696 2.311531 70.434379
16384 4096 10 2.588971 6.560637 0.075953 0.002057 0.057714 65.403475 2.292691 70.428286
16384 4096 10 2.588093 6.556779 0.016621 0.000379 0.059343 65.417968 2.290810 70.381481
