16384 256 10 1.166470 3.021185 0.016344 0.007237 0.072450 0.939592 0.052223 2.442837
16384 256 10 0.999322 3.042799 0.044999 0.003720 0.084023 0.852360 0.050442 2.216203
16384 256 10 1.090899 3.074035 0.016064 0.008490 0.063346 0.899178 0.044321 2.308921
16384 256 10 1.052751 3.009715 0.020615 0.007084 0.061277 0.946688 0.021031 2.302309
16384 256 10 0.951871 3.034852 0.013029 0.007164 0.065782 0.911324 0.049722 2.173654
16384 256 10 1.077697 3.042088 0.018947 0.007486 0.065427 0.948743 0.021284 2.305110
16384 256 10 0.956216 3.000119 0.033975 0.006068 0.069223 0.918992 0.021210 2.175094
16384 256 10 1.135242 3.018882 0.021021 0.008105 0.054885 0.982199 0.021479 2.409404
16384 256 10 0.965446 3.109233 0.006778 0.006615 0.058914 0.964053 0.020814 2.205442
16384 256 10 1.016151 3.053042 0.024882 0.008963 0.068446 0.910077 0.047563 2.251732
