16384 1024 10 0.295998 3.310849 0.007257 0.002988 0.096576 5.412563 0.200910 6.025961
16384 1024 10 0.279411 3.345847 0.002863 0.004245 0.110293 5.459680 0.201876 6.064401
16384 1024 10 0.305797 3.309460 0.077052 0.005442 0.089354 5.369960 0.205975 6.072003
16384 1024 10 0.297120 3.331740 0.106568 0.005853 0.087048 5.377974 0.205354 6.099386
16384 1024 10 0.288838 3.356135 0.133055 0.002711 0.085070 5.391624 0.206673 6.129445
16384 1024 10 0.312599 3.316314 0.021648 0.004593 0.096700 5.401611 0.199910 6.043886
16384 1024 10 0.314501 3.311211 0.036280 0.003948 0.097661 5.378829 0.199708 6.043926
16384 1024 10 0.298421 3.318031 0.058500 0.003655 0.105284 5.374465 0.200414 6.058467
16384 1024 10 0.295471 3.342375 0.136099 0.003775 0.090356 5.376339 0.205532 6.127899
16384 1024 10 0.313905 3.347853 0.065153 0.004322 0.097862 5.410624 0.213813 6.120637
