16384 1024 10 0.318081 3.170138 0.083538 0.004220 0.102004 5.094929 0.221398 5.830832
16384 1024 10 0.279385 3.157047 0.032856 0.006271 0.105524 5.111854 0.207732 5.749549
16384 1024 10 0.282301 3.140611 0.037006 0.004663 0.097646 5.091770 0.199789 5.721719
16384 1024 10 0.285278 3.121799 0.019587 0.004499 0.102378 5.083169 0.206025 5.706946
16384 1024 10 0.307768 3.185512 0.031828 0.005809 0.108295 5.168048 0.210540 5.846599
16384 1024 10 0.291731 3.154255 0.044361 0.004940 0.100862 5.103953 0.211759 5.769349
16384 1024 10 0.303146 3.141866 0.088420 0.003734 0.091788 5.069782 0.212792 5.787158
16384 1024 10 0.299124 3.141553 0.041882 0.003176 0.097899 5.095162 0.205064 5.756916
16384 1024 10 0.298607 3.139391 0.032833 0.005095 0.098098 5.091738 0.204967 5.742220
16384 1024 10 0.304953 3.157306 0.057485 0.003724 0.100937 5.104392 0.207821 5.794344
