16384 256 10 0.900380 3.045719 0.338677 0.550690 1.315585 0.447829 0.794892 4.715184
16384 256 10 0.951593 3.102960 0.668288 0.559640 0.520391 0.317691 2.147339 5.550010
16384 256 10 0.951450 3.057435 1.498535 0.573350 0.074290 0.357599 1.067054 4.814617
16384 256 10 0.979554 3.181978 0.521175 1.435938 0.102612 0.340656 0.848465 4.500247
16384 256 10 0.985297 3.015728 0.776902 0.608528 0.621530 0.349966 0.980666 4.597017
16384 256 10 0.921976 3.201873 0.387583 1.446727 0.142950 0.389415 0.955468 4.623592
16384 256 10 0.966518 3.107002 0.270765 0.555109 2.106945 0.366056 0.432962 5.060628
16384 256 10 1.128717 3.088556 0.200765 0.527345 1.586215 0.312571 0.852190 4.960394
16384 256 10 1.088268 3.053986 0.570342 0.660764 1.488200 0.361112 0.591227 5.120132
16384 256 10 0.956271 3.057481 0.336996 0.469962 1.509082 0.329136 1.064987 5.047840
