16384 1024 10 0.381453 3.115136 3.847120 0.489847 0.027058 6.446462 1.667669 13.350176
16384 1024 10 0.384919 3.563705 0.001766 4.744919 0.026929 6.243410 1.123283 12.581185
16384 1024 10 0.382194 3.140245 1.077934 4.067047 0.026745 6.130752 1.049135 13.226164
16384 1024 10 0.382002 3.095048 4.247735 0.286196 0.026573 6.197069 1.424373 13.046993
16384 1024 10 0.382366 3.183895 3.352882 1.118453 0.026878 6.545982 1.086659 13.022438
16384 1024 10 0.379778 3.095921 2.857351 1.231636 0.026607 6.288957 2.079927 13.345596
16384 1024 10 0.383613 3.086745 4.599120 0.001384 0.026569 6.410754 1.089087 13.008108
16384 1024 10 0.380003 3.591723 4.519499 0.068864 0.026525 6.089726 1.840558 12.929250
16384 1024 10 0.382123 3.097363 3.997110 0.941122 0.026746 6.680086 0.878528 13.390776
16384 1024 10 0.380528 3.115062 3.190818 3.917964 0.026054 6.067592 9.323842 23.393377
