16384 512 10 0.175379 3.029144 0.002734 0.002768 0.032769 1.738752 0.055205 2.027238
16384 512 10 0.212283 3.026983 0.003477 0.003031 0.036975 1.739366 0.067670 2.079299
16384 512 10 0.171234 3.017786 0.001878 0.004249 0.027102 1.739432 0.055412 2.017368
16384 512 10 0.167778 3.057398 0.003300 0.002593 0.040788 1.747440 0.060989 2.044681
16384 512 10 0.173177 3.039783 0.003088 0.001838 0.040783 1.741788 0.067037 2.046018
16384 512 10 0.197482 3.009158 0.007684 0.003188 0.028241 1.731108 0.056049 2.044413
16384 512 10 0.162440 3.038098 0.003579 0.002452 0.049405 1.740709 0.066703 2.048652
16384 512 10 0.187766 3.029731 0.001880 0.001979 0.043535 1.739786 0.055187 2.056993
16384 512 10 0.168558 3.018236 0.003657 0.003064 0.034843 1.735528 0.063892 2.032481
16384 512 10 0.172279 3.027512 0.002105 0.003119 0.040735 1.742737 0.055122 2.032128
