16384 1024 10 0.280062 3.480072 0.000209 0.007253 0.023743 5.721978 0.213416 6.251004
16384 1024 10 0.280751 3.526782 0.000211 0.000154 0.023726 5.744360 0.218630 6.272677
16384 1024 10 0.282306 4.273493 7.948978 2.780014 0.018923 5.561500 3.462928 20.064097
16384 1024 10 0.288773 3.680321 0.000212 0.004508 0.023549 5.728263 0.221151 6.274725
16384 1024 10 0.280436 3.483246 7.995713 2.792760 0.021077 5.579586 3.501697 20.175516
16384 1024 10 0.283873 3.491765 0.000212 0.012695 0.023553 5.728132 0.221020 6.279468
16384 1024 10 0.275560 3.503529 0.478621 0.000246 0.023573 6.336643 0.612790 7.731731
16384 1024 10 0.286705 3.500781 7.942233 2.804407 0.018550 5.582257 3.475550 20.118993
16384 1024 10 0.281700 3.471070 1.381999 2.181098 0.023576 5.498530 5.534347 14.908365
16384 1024 10 0.280049 3.528926 0.000215 0.000154 0.023712 5.744994 0.224288 6.277092
