16384 1024 10 0.217795 3.003540 0.000000 0.000000 2.213127 6.127400 3.419549 11.981454
16384 1024 10 0.217076 3.019136 0.000000 0.000000 0.132482 5.735644 0.318600 6.407433
16384 1024 10 0.210882 3.574387 0.000000 0.000000 0.127914 5.731761 0.308003 6.382414
16384 1024 10 0.220959 3.001161 0.000000 0.000000 0.126774 5.731213 0.320563 6.403605
16384 1024 10 0.216672 3.016059 0.000000 0.000000 0.128350 5.737728 0.313418 6.400660
16384 1024 10 0.227788 3.012482 0.000000 0.000000 0.128167 5.739796 0.302701 6.402212
16384 1024 10 0.216589 3.003499 0.000000 0.000000 0.128309 5.717853 4.148156 10.214688
16384 1024 10 0.215256 3.023791 0.000000 0.000000 0.129687 5.739004 0.319328 6.407401
16384 1024 10 0.216291 3.007773 0.000000 0.000000 2.956375 5.486151 5.620438 14.283441
16384 1024 10 0.221041 3.001368 0.000000 0.000000 0.129806 5.736696 0.307351 6.399106
