16384 256 10 0.351884 3.464474 0.000000 0.000000 3.371763 0.405941 0.586476 4.935253
16384 256 10 0.332479 3.357319 0.000000 0.000000 3.024009 0.416887 0.757617 5.094587
16384 256 10 0.253887 3.292159 0.000000 0.000000 2.017583 0.996557 0.751973 4.268615
16384 256 10 0.300179 3.262191 0.000000 0.000000 0.589915 0.536353 2.930199 4.986970
16384 256 10 0.273132 3.459428 0.000000 0.000000 3.450185 0.645477 0.102379 4.725707
16384 256 10 0.304062 3.067211 0.000000 0.000000 3.372965 0.438613 0.015540 4.610815
16384 256 10 0.271744 3.172329 0.000000 0.000000 2.370648 0.465607 2.354680 5.908394
16384 256 10 0.294423 3.078036 0.000000 0.000000 2.714462 0.409835 1.355967 5.285024
16384 256 10 0.280890 3.196730 0.000000 0.000000 2.856448 0.521670 0.717738 4.915824
16384 256 10 0.292711 3.382189 0.000000 0.000000 2.673201 0.461035 0.756017 4.425579
