16384 512 10 0.152907 3.165946 0.000000 0.000000 0.197831 1.919667 0.320025 2.644870
16384 512 10 0.151463 3.160282 0.000000 0.000000 0.217579 1.965378 0.280972 2.635336
16384 512 10 0.151438 3.074338 0.000000 0.000000 0.125695 1.784428 1.924817 4.054335
16384 512 10 0.155260 3.202100 0.000000 0.000000 0.213257 1.982459 0.228411 2.598535
16384 512 10 0.149618 3.188710 0.000000 0.000000 1.156525 1.595456 1.557144 4.511600
16384 512 10 0.154542 3.013114 0.000000 0.000000 0.198403 1.903944 0.339963 2.645002
16384 512 10 0.150237 3.063822 0.000000 0.000000 1.301217 2.458683 1.096842 5.075871
16384 512 10 0.154028 3.001857 0.000000 0.000000 0.198595 1.898286 1.305706 3.580346
16384 512 10 0.156107 3.032153 0.000000 0.000000 0.968866 2.235676 2.022013 5.434405
16384 512 10 0.153982 3.151232 0.000000 0.000000 0.194355 1.927897 0.315834 2.618232
