16384 1024 10 0.387859 3.964201 3.920909 0.543878 0.027210 6.162207 0.865333 12.338363
16384 1024 10 0.384231 3.306010 0.389219 5.049786 0.026698 5.508701 0.673895 12.038208
16384 1024 10 0.384883 3.970111 2.032860 3.540040 0.025851 5.495965 0.526200 12.458761
16384 1024 10 0.384402 3.434460 3.773224 0.678251 0.027171 6.153694 0.870012 11.890591
16384 1024 10 0.385542 3.988759 0.779114 4.700388 0.026812 5.635942 0.292009 12.266904
16384 1024 10 0.386581 3.993065 1.395293 3.662757 0.026626 5.650809 0.783325 12.349618
16384 1024 10 0.389626 4.330026 3.921238 0.368902 0.026426 5.504412 1.772857 12.034272
16384 1024 10 0.384558 3.969161 3.230119 1.075673 0.026917 5.531102 1.781508 12.484736
16384 1024 10 0.385789 3.950112 2.630422 2.382454 0.027483 5.836965 0.691769 12.399613
16384 1024 10 0.384850 3.979935 1.146908 3.776472 0.026968 5.713878 0.908599 12.430595
