16384 512 10 0.169069 3.136853 0.000271 0.000183 0.015976 1.814026 1.495636 3.516827
16384 512 10 0.180208 3.541622 0.001893 0.118929 0.015760 1.777580 3.860330 5.975017
16384 512 10 0.172465 3.634078 0.000276 0.000171 0.015917 1.827787 0.083652 2.119825
16384 512 10 0.174810 3.004347 0.000541 0.000188 0.016011 1.828237 0.081643 2.120988
16384 512 10 0.172313 3.092107 0.132917 0.317627 0.015973 2.261559 0.574119 3.496990
16384 512 10 0.165934 3.156344 0.000326 0.000177 0.016085 1.827598 0.067465 2.100374
16384 512 10 0.172232 3.145773 0.124808 0.000291 0.015605 1.891361 1.949496 4.169234
16384 512 10 0.165049 3.046552 0.622460 0.600425 0.021979 2.233774 0.513605 4.180993
16384 512 10 0.170212 3.137483 0.000451 0.000171 0.015929 1.814711 3.154017 5.175412
16384 512 10 0.168914 3.483503 0.341486 0.509825 0.014892 1.676598 3.551061 6.283859
