16384 4096 10 2.592275 6.242454 0.193630 0.003544 0.082146 62.322913 2.308053 67.520770
16384 4096 10 2.591754 6.255399 0.016744 0.001974 0.083286 62.452509 2.295538 67.445358
16384 4096 10 2.592325 6.248596 0.132129 0.003303 0.081243 62.391741 2.309371 67.528249
16384 4096 10 2.592648 6.249863 0.121594 0.003453 0.082150 62.386627 2.305088 67.505061
16384 4096 10 2.592147 6.252910 0.021591 0.004032 0.082030 62.407546 2.291882 67.400367
16384 4096 10 2.589409 6.245401 0.112780 0.004127 0.082201 62.377798 2.301403 67.480497
16384 4096 10 2.589060 6.245693 0.113690 0.003738 0.079965 62.375166 2.303214 67.477201
16384 4096 10 2.590041 6.231062 0.187543 0.003661 0.080790 62.222461 2.309780 67.418514
16384 4096 10 2.589864 6.250270 0.121185 0.003105 0.082943 62.375508 2.303028 67.487108
16384 4096 10 2.590761 6.240528 0.178694 0.002088 0.082190 62.309621 2.308551 67.491176
