16384 512 10 0.202682 3.184211 0.002194 0.002338 0.041845 1.834686 0.055769 2.166173
16384 512 10 0.165629 3.184147 0.003488 0.003566 0.040613 1.831524 0.055745 2.126218
16384 512 10 0.175881 3.185359 0.002868 0.003091 0.039164 1.831850 0.055205 2.129184
16384 512 10 0.172461 3.007277 0.001772 0.002784 0.036057 1.833931 0.064832 2.130984
16384 512 10 0.163037 3.153841 0.001029 0.003085 0.025770 1.828526 0.055337 2.102357
16384 512 10 0.168586 3.165860 0.002904 0.000932 0.033096 1.830466 0.055728 2.114130
16384 512 10 0.174997 3.165379 0.006900 0.002708 0.019484 1.826614 0.055857 2.104383
16384 512 10 0.166679 3.003145 0.007286 0.002199 0.036728 1.832581 0.055281 2.120691
16384 512 10 0.197188 3.155105 0.003427 0.003956 0.017343 1.826875 0.055854 2.122665
16384 512 10 0.170097 3.144415 0.001679 0.003476 0.029403 1.828048 0.055365 2.108266
