16384 2048 10 0.713803 4.069104 0.051963 0.040388 0.038691 20.159011 0.673841 21.702259
16384 2048 10 0.708987 4.067810 0.027510 0.057472 0.039274 20.223454 0.640704 21.712809
16384 2048 10 0.710181 4.084601 0.000211 0.002005 0.039026 20.285808 0.636943 21.675713
16384 2048 10 0.709971 4.092232 0.000213 0.000136 0.039549 20.307576 0.643451 21.702382
16384 2048 10 0.713229 4.089491 0.000213 0.000139 0.039139 20.313245 0.640523 21.708061
16384 2048 10 0.720696 4.122289 0.000213 0.000140 0.038725 20.377932 0.665284 21.804548
16384 2048 10 0.711010 4.085041 0.000213 0.006507 0.039340 20.271972 0.641949 21.675571
16384 2048 10 0.714286 4.097853 0.000213 0.035627 0.038261 20.304011 0.658087 21.757654
16384 2048 10 0.711941 4.085729 0.000211 0.035189 0.038235 20.273217 0.653729 21.723329
16384 2048 10 0.713763 4.086100 0.000213 0.056662 0.039323 20.291974 0.655768 21.773528
