16384 2048 10 0.711953 3.871706 0.000211 0.000136 0.039665 19.226447 0.637674 20.617660
16384 2048 10 0.714437 3.867741 0.000212 0.020310 0.038431 19.192092 0.646822 20.615761
16384 2048 10 0.710717 3.866811 0.000212 0.010061 0.039027 19.196613 0.636613 20.596235
16384 2048 10 0.711162 3.863721 1.556858 0.099448 0.038501 19.062204 0.637808 22.110222
16384 2048 10 0.708626 3.862928 0.000214 0.010231 0.038670 19.195652 0.635314 20.592271
16384 2048 10 0.717114 3.868704 0.000214 0.031205 0.038442 19.193037 0.653232 20.641869
16384 2048 10 0.708648 3.852653 0.000210 0.030201 0.039305 19.150723 0.639731 20.578057
16384 2048 10 0.722077 3.893598 0.000210 0.000138 0.039005 19.259621 0.661386 20.684014
16384 2048 10 0.713779 3.861862 0.000212 0.038076 0.038408 19.167726 0.649747 20.619859
16384 2048 10 0.714055 3.866516 0.000213 0.013380 0.038502 19.183782 0.649389 20.603496
