16384 1024 10 0.306222 3.298148 0.041902 0.003793 0.085876 5.372283 0.198127 6.018249
16384 1024 10 0.297198 3.307725 0.035805 0.004567 0.089840 5.396417 0.201304 6.033331
16384 1024 10 0.304129 3.292495 0.057259 0.002974 0.089237 5.352638 0.206244 6.030175
16384 1024 10 0.298496 3.289705 0.025781 0.002959 0.102646 5.368251 0.199156 6.006785
16384 1024 10 0.299671 3.334609 0.058421 0.004557 0.095499 5.408103 0.208357 6.093863
16384 1024 10 0.309179 3.290772 0.003100 0.003959 0.108743 5.386789 0.192998 6.010959
16384 1024 10 0.273585 3.310738 0.066884 0.002745 0.094642 5.363634 0.200987 6.013637
16384 1024 10 0.314326 3.323648 0.093724 0.006021 0.081019 5.364580 0.202785 6.083201
16384 1024 10 0.288689 3.314247 0.047305 0.002888 0.096422 5.380463 0.198643 6.025242
16384 1024 10 0.296852 3.296716 0.016597 0.004400 0.104537 5.382220 0.203433 6.013653
