16384 256 10 1.071854 3.048342 0.492553 0.529896 0.939153 0.372672 0.953033 4.681631
16384 256 10 1.048622 3.190191 0.583635 0.714929 2.163865 0.402168 0.187380 5.505303
16384 256 10 1.093677 3.057110 0.584470 1.025466 0.145501 0.384002 1.266008 4.823060
16384 256 10 1.325256 3.065554 1.181709 0.909509 0.347521 0.367249 0.919122 5.297799
16384 256 10 0.985951 3.159682 0.799620 1.184171 0.386275 0.384997 0.792723 4.881128
16384 256 10 1.200100 3.156751 0.372473 0.499050 1.389380 0.400448 1.066246 5.312482
16384 256 10 1.131245 3.221268 1.274542 0.686589 0.123055 0.372453 1.145682 5.074718
16384 256 10 1.048926 3.081363 0.230314 0.548550 1.556808 0.330438 0.732263 4.797731
16384 256 10 0.955840 3.049701 1.189530 0.639457 0.111794 0.424547 1.342133 4.997323
16384 256 10 1.174887 3.070057 0.294318 0.686546 1.330683 0.327102 0.624588 4.857330
