16384 512 10 0.192990 3.024559 0.000256 0.000165 0.016042 1.817712 2.768838 4.812121
16384 512 10 0.195744 3.135010 0.457440 1.113380 0.015775 1.720643 1.843924 5.695111
16384 512 10 0.174093 3.044514 0.366149 1.018387 0.016018 1.810845 0.469977 3.871769
16384 512 10 0.178976 3.136940 0.273998 0.717839 0.015415 1.825276 2.165969 5.194320
16384 512 10 0.174686 3.305372 1.477466 1.374240 0.014323 1.422900 1.172118 5.652025
16384 512 10 0.170761 3.047720 0.000814 0.000193 0.016230 1.824898 0.478426 2.513700
16384 512 10 0.172886 3.074462 0.000420 0.000186 0.016420 1.826667 0.072791 2.109709
16384 512 10 0.174687 3.159803 0.000273 0.000167 0.016279 1.824091 0.072549 2.106747
16384 512 10 0.169932 3.351781 0.000248 0.212170 0.016044 1.834301 1.842235 4.091815
16384 512 10 0.171036 3.185201 2.270697 0.777358 0.015009 1.744811 1.224591 6.224340
