16384 4096 10 2.583805 6.551843 0.073686 0.002758 0.057404 65.333575 2.296634 70.364837
16384 4096 10 2.591308 6.549141 0.150669 0.001131 0.057931 65.291414 2.303852 70.416659
16384 4096 10 2.592416 6.561798 0.041519 0.001950 0.058016 65.442064 2.299275 70.446361
16384 4096 10 2.592868 6.561636 0.043937 0.001719 0.058034 65.433623 2.301011 70.442034
16384 4096 10 2.589086 6.560177 0.083195 0.001809 0.058108 65.364883 2.300454 70.405154
16384 4096 10 2.589697 6.560637 0.079915 0.002045 0.058046 65.404338 2.301547 70.449570
16384 4096 10 2.590364 6.538240 0.212965 0.001939 0.058041 65.250152 2.316980 70.467872
16384 4096 10 2.588747 6.559473 0.000332 0.000121 0.059536 65.403505 2.281020 70.334533
16384 4096 10 2.588372 6.557162 0.021253 0.000634 0.059255 65.397824 2.290664 70.366088
16384 4096 10 2.588761 6.558762 0.078445 0.002333 0.057753 65.396084 2.296540 70.432855
